-0.474800  X Value beyond lower bound
0 0
0.175895 -0.00158938
0.234255 -0.00108598
0.325654 0.00018551
0.452355 0.00201979
0.567736 0.00241455
0.623455 0.00178765
0.711235 0.00109286
0.854324 0.0266289
0.954325 0.0885739
1.05437 0.200957
1.19696 0.432479
1.36535 0.765511
1.49486 0.961284
1.54535 0.995358
1.68833 0.912401
1.73624 0.838156
1.86846 0.580815
1.98966 0.351905
2.0549 0.246966
2.14545 0.129642
2.25463 0.0416804
2.35433 0.00800278
2.47655 0.00101453
2.58766 0.00247444
2.64343 0.00239603
2.77979 0.000767572
2.85334 0.000231885
2.9392 0.000926628
3.01885 0.00117987
3.14159 -1.36649e-08
