-0.474800  X Value beyond lower bound
0 0
0.175895 0.030103
0.234255 0.0176772
0.325654 -0.0018243
0.452355 -0.00776579
0.567736 -0.00131546
0.623455 0.00153871
0.711235 0.00355234
0.854324 0.0281274
0.954325 0.0884258
1.05437 0.200248
1.19696 0.43222
1.36535 0.765686
1.49486 0.961357
1.54535 0.995377
1.68833 0.912413
1.73624 0.838191
1.86846 0.580834
1.98966 0.351706
2.0549 0.24667
2.14545 0.129414
2.25463 0.04208
2.35433 0.00909475
2.47655 0.00167089
2.58766 0.000403932
2.64343 -0.00120355
2.77979 -0.00220285
2.85334 0.00200308
2.9392 0.010249
3.01885 0.0146754
3.14159 -2.76713e-07
