-0.474800  X Value beyond lower bound
0 0
0.175895 -0.000327554
0.234255 -0.000281927
0.325654 6.64755e-05
0.452355 0.00102806
0.567736 0.00169613
0.623455 0.00171296
0.711235 0.00180249
0.854324 0.0281073
0.954325 0.0823964
1.05437 0.1487
1.19696 0.384767
1.36535 0.625864
1.49486 0.843036
1.54535 0.946509
1.68833 0.898068
1.73624 0.841387
1.86846 0.591647
1.98966 0.493853
2.0549 0.402091
2.14545 0.215341
2.25463 0.0871715
2.35433 0.0718221
2.47655 0.0201128
2.58766 0.000943249
2.64343 0.000630319
2.77979 0.00020775
2.85334 0.000124518
2.9392 0.000322051
3.01885 0.00028277
3.14159 -2.31298e-09
