0  0.314159  0.0275194  0  -0.00271364  0
0.314159  0.628319  -0.0827472  0.0259364  0.0054297  7.58208e-07
0.628319  0.942478  2.78397  -0.052051  -0.0135965  0.00170069
0.942478  1.25664  4.01811  2.57178  0.288363  0.0786125
1.25664  1.5708  -6.74685  6.35876  0.108209  0.547616
1.5708  1.88496  -6.74685  1.16781e-06  -0.774096  1
1.88496  2.19911  4.01811  -6.35876  0.108208  0.547616
2.19911  2.51327  2.78397  -2.57178  0.288363  0.0786125
2.51327  2.82743  -0.0827471  0.0520509  -0.0135965  0.00170069
2.82743  3.14159  0.0275194  -0.0259364  0.00542969  7.58208e-07
