0  0.314159  5.02734  -3.70145  0.666667  0
0.314159  0.628319  -1.51779  1.03672  -0.170483  7.58208e-07
0.628319  0.942478  3.41472  -0.393769  0.0315048  0.00170069
0.942478  1.25664  -1.92125  2.82453  0.795151  0.0786125
1.25664  1.5708  -8.91127  1.0138  2.001  0.547616
1.5708  1.88496  8.9221  -7.38487  -0.00053455  1
1.88496  2.19911  1.86704  1.02402  -1.99886  0.547616
2.19911  2.51327  -3.20872  2.78366  -0.802641  0.0786125
2.51327  2.82743  0.747986  -0.240489  -0.00368237  0.00170069
2.82743  3.14159  -2.15413  0.464471  0.0666836  7.58208e-07
