0  0.314159  -0.125464  0.126855  -0.0274674  0
0.314159  0.628319  -0.134597  0.00860809  0.0159909  7.58208e-07
0.628319  0.942478  3.04388  -0.118247  -0.0184531  0.00170069
0.942478  1.25664  -1.82109  2.75055  0.808508  0.0786125
1.25664  1.5708  -8.94103  1.03421  1.99752  0.547616
1.5708  1.88496  8.94103  -7.39252  4.97473e-07  1
1.88496  2.19911  1.8211  1.0342  -1.99752  0.547616
2.19911  2.51327  -3.04389  2.75055  -0.808508  0.0786125
2.51327  2.82743  0.134597  -0.118247  0.018453  0.00170069
2.82743  3.14159  -0.11633  0.00860809  0.00877459  7.58208e-07
